SM:2025-03-27T00:18:18.7205458Z
LM:2025-03-28T00:28:43.4829990Z
CT:image/png
MA:2592000
CL:9236
