SM:2025-03-26T23:31:45.0214650Z
LM:2025-03-28T00:28:40.2682246Z
CT:image/png
MA:2592000
CL:9582
