SM:2025-03-28T00:36:00.4761879Z
LM:2025-03-28T00:36:50.0219520Z
CT:image/png
MA:2592000
CL:9540
