SM:2025-04-08T19:18:26.5996348Z
LM:2025-04-09T15:18:40.4734552Z
CT:image/png
MA:2592000
CL:17322
