SM:2025-03-26T23:50:33.3461843Z
LM:2025-03-28T00:28:40.2681783Z
CT:image/png
MA:2592000
CL:16007
