SM:2025-03-28T00:15:32.2191088Z
LM:2025-03-28T00:28:41.3215618Z
CT:image/png
MA:2592000
CL:38199
