SM:2025-03-26T23:42:19.7749419Z
LM:2025-03-28T00:28:40.2681870Z
CT:image/png
MA:2592000
CL:21892
