SM:2025-03-27T00:53:44.6354087Z
LM:2025-03-28T00:28:43.5020945Z
CT:image/png
MA:2592000
CL:38199
