SM:2025-03-26T23:48:00.5397395Z
LM:2025-03-28T00:28:40.2681763Z
CT:image/png
MA:2592000
CL:27998
