SM:2025-04-08T20:07:42.9641658Z
LM:2025-04-09T15:18:40.4777466Z
CT:image/png
MA:2592000
CL:38199
