SM:2025-03-27T00:15:10.7880313Z
LM:2025-03-28T00:28:43.4867537Z
CT:image/png
MA:2592000
CL:13460
