SM:2025-03-27T00:05:39.8388267Z
LM:2025-03-28T00:28:43.4864675Z
CT:image/png
MA:2592000
CL:20530
