SM:2025-03-28T00:15:38.9033600Z
LM:2025-03-28T00:28:41.3189878Z
CT:image/png
MA:2592000
CL:38199
