SM:2025-03-27T00:39:51.6875761Z
LM:2025-03-28T00:28:43.4632439Z
CT:image/png
MA:2592000
CL:9540
