SM:2025-03-26T23:35:10.2230921Z
LM:2025-03-28T00:28:40.2690455Z
CT:image/png
MA:2592000
CL:30078
