SM:2025-03-26T16:42:11.9231508Z
LM:2025-03-28T00:28:40.2431648Z
CT:image/jpeg
MA:2592000
CL:8063
