SM:2025-03-28T00:15:29.3302252Z
LM:2025-03-28T00:28:41.3164920Z
CT:image/png
MA:2592000
CL:38199
