SM:2025-03-27T00:34:22.5638282Z
LM:2025-03-28T00:28:43.4981231Z
CT:image/png
MA:2592000
CL:30078
