SM:2025-03-27T00:38:11.3141173Z
LM:2025-03-28T00:28:43.4602360Z
CT:image/png
MA:2592000
CL:15986
