SM:2025-03-26T16:05:54.4644995Z
LM:2025-03-28T00:28:40.2431715Z
CT:image/jpeg
MA:2592000
CL:13626
