SM:2025-03-27T00:16:26.0340067Z
LM:2025-03-28T00:28:43.4813689Z
CT:image/png
MA:2592000
CL:6226
