SM:2025-03-27T00:50:38.6837855Z
LM:2025-03-28T00:28:43.5021973Z
CT:image/png
MA:2592000
CL:38199
