SM:2025-03-28T00:21:11.8034358Z
LM:2025-03-28T00:28:41.3103746Z
CT:image/png
MA:2592000
CL:10324
