SM:2025-03-26T16:43:23.8270021Z
LM:2025-03-28T00:28:40.2431572Z
CT:image/jpeg
MA:2592000
CL:13626
