SM:2025-03-26T22:25:33.1014212Z
LM:2025-03-28T00:28:40.2681763Z
CT:image/png
MA:2592000
CL:21955
