SM:2025-03-27T00:38:59.2605961Z
LM:2025-03-28T00:28:43.4602395Z
CT:image/png
MA:2592000
CL:9691
