SM:2025-03-28T00:24:25.2976571Z
LM:2025-03-28T00:28:41.3182815Z
CT:image/png
MA:2592000
CL:38199
